
PREDICTIONS
     0     1    2     3
0  2.0  2.00  2.0  1.75
1  2.0  2.75  2.0  3.00
2  2.0  2.00  2.0  2.00
3  2.0  2.00  2.0  2.00
4  2.0  3.00  2.0  3.00


ROUNDED PREDICTIONS

0
2    0.630705
0    0.214730
3    0.084544
1    0.058091
4    0.011929

1
2    0.553942
0    0.220954
3    0.142635
1    0.046680
4    0.035788

2
2    0.617220
0    0.216286
3    0.093880
1    0.055498
4    0.017116

3
2    0.598029
0    0.202801
3    0.103734
1    0.073651
4    0.021784


Process finished with exit code 0
